2015/02 309 353 54 15
2015/03 1818 1396 171 53
2015/04 2217 1294 157 51
2015/05 1292 649 86 31
2015/06 3230 2434 151 43
2015/07 1722 780 115 30
2015/08 1497 454 100 27
2015/09 1655 487 112 29
2015/10 2044 878 138 34
2015/11 2309 1184 142 37
2015/12 2886 1311 171 36
2016/01 2318 941 146 33
2016/02 2645 1011 162 39
2016/03 2464 1082 136 29
2016/04 2001 692 128 30
2016/05 1498 526 110 22
2016/06 1525 606 90 28
2016/07 647 225 44 19
2016/08 866 318 60 21
2016/09 1249 568 95 23
2016/10 2216 608 211 18
2016/11 2039 547 204 23
2016/12 2525 834 236 26
