2015/02 660 500 114 44
2015/03 2701 3315 411 106
2015/04 2388 1673 275 69
2015/05 2412 1763 228 55
2015/06 3525 2148 301 52
2015/07 4547 3003 451 73
2015/08 5858 4138 513 66
2015/09 6426 5577 542 75
2015/10 7900 5172 628 82
2015/11 8473 9256 671 83
2015/12 8031 5291 751 97
2016/01 6495 4988 580 82
2016/02 6059 4356 497 86
2016/03 7249 5001 541 90
2016/04 7781 5534 625 93
2016/05 8032 5775 637 81
2016/06 9501 7009 722 87
2016/07 10912 8289 824 95
2016/08 9314 8215 883 93
2016/09 10897 7507 909 103
2016/10 7965 4888 721 75
2016/11 9858 6654 829 91
2016/12 11814 8903 945 96
