2015/02 660 500 114
2015/03 2701 3315 411
2015/04 2388 1673 275
2015/05 2412 1763 228
2015/06 3525 2148 301
2015/07 4547 3003 451
2015/08 5858 4138 513
2015/09 6426 5577 542
2015/10 7900 5172 628
2015/11 8473 9256 671
2015/12 8031 5291 751
2016/01 6495 4988 580
2016/02 6059 4356 497
2016/03 7249 5001 541
2016/04 7781 5534 625
2016/05 8032 5775 637
2016/06 9501 7009 722
2016/07 10912 8289 824
2016/08 9314 8215 883
2016/09 10897 7507 909
2016/10 7965 4888 721
2016/11 9858 6654 829
2016/12 11814 8903 945
