0 37 1484
1 278 807
2 693 990
3 895 1050
4 715 980
5 833 994
6 821 989
7 821 831
8 790 763
9 713 633
10 719 566
11 699 473
12 622 445
13 592 375
14 535 294
15 527 296
16 407 254
17 391 188
18 352 169
19 329 143
20 238 102
21 228 107
22 220 101
23 176 82
24 149 71
25 129 74
26 122 52
27 76 51
28 86 46
29 72 44
30 80 37
31 69 32
32 56 29
33 44 20
34 35 23
35 37 17
36 35 19
37 32 16
38 27 13
39 16 12
40 17 10
41 19 12
42 8 9
43 10 9
44 8 6
45 9 5
46 8 8
47 5 5
48 3 3
49 5 4
50 5 3
51 5 2
52 5 3
53 4 6
55 3 6
57 2 1
60 3 1
61 2 3
62 1 4
64 4 2
74 1 
82 1 
84 1 
86 1 
