2015/03 554 1977 85 37
2015/04 2708 3166 229 62
2015/05 1935 1759 218 42
2015/06 1611 1134 209 33
2015/07 2235 2534 292 34
2015/08 2356 1631 322 35
2015/09 1926 1145 287 33
2015/10 2168 1680 322 35
2015/11 1939 802 299 35
2015/12 2023 812 289 33
2016/01 2192 1148 291 24
2016/02 2125 722 347 38
2016/03 1744 550 328 26
2016/04 1365 529 282 22
2016/05 1229 344 251 15
2016/06 1137 342 246 12
2016/07 1307 868 291 19
2016/08 1372 542 313 26
2016/09 1250 450 298 20
2016/10 1712 496 375 18
2016/11 1832 460 353 23
2016/12 1439 417 265 25
