2015/03 378 393 215 12
2015/04 62 27 22 3
2015/05 59 41 18 4
2015/06 17551 12603 2100 101
2015/07 27199 18024 2477 118
2015/08 24213 16167 2008 128
2015/09 32467 18548 2597 146
2015/10 40001 21604 3108 150
2015/11 36137 19047 2606 139
2015/12 30394 17139 2259 148
2016/01 30446 16634 2222 147
2016/02 37219 23339 2416 168
2016/03 36725 22739 2319 155
2016/04 36776 20461 2345 160
2016/05 31016 18248 1934 147
2016/06 31629 19206 2014 149
2016/07 30746 18556 1866 145
2016/08 26831 17086 1722 136
2016/09 29337 16610 1863 139
2016/10 26789 15264 1649 119
2016/11 27677 15121 1707 127
2016/12 26386 16948 1700 138
