0 111 1965
1 182 3552
2 343 4357
3 713 4211
4 887 3909
5 1476 3320
6 2059 2942
7 2404 2473
8 2634 2097
9 2721 1782
10 2801 1497
11 2729 1261
12 2562 1022
13 2302 873
14 2015 805
15 1918 641
16 1731 595
17 1559 452
18 1271 431
19 1137 371
20 1018 312
21 903 303
22 795 252
23 669 216
24 588 192
25 526 185
26 446 145
27 395 126
28 345 115
29 288 101
30 278 100
31 240 89
32 198 86
33 154 78
34 151 66
35 144 52
36 127 50
37 99 36
38 101 35
39 87 46
40 81 43
41 58 14
42 58 24
43 48 22
44 40 27
45 53 22
46 40 22
47 36 19
48 32 17
49 22 22
50 21 20
51 19 14
52 17 18
53 19 13
54 17 8
55 8 14
56 10 10
57 15 14
58 11 15
59 8 5
60 10 14
61 3 7
62 1 11
63 10 6
64 6 7
65 1 13
66 4 8
67 3 8
68 3 7
69 4 3
70 2 6
71 5 5
72 1 1
73 2 6
74 2 7
75 1 4
76 1 4
77 1 2
78 1 3
79 1 6
81 1 4
83 1 4
85 1 1
86 1 2
90 1 1
101 1 3
144 1 1
