2015/03 378 393 215
2015/04 62 27 22
2015/05 59 41 18
2015/06 17551 12603 2100
2015/07 27199 18024 2477
2015/08 24213 16167 2008
2015/09 32467 18548 2597
2015/10 40001 21604 3108
2015/11 36137 19047 2606
2015/12 30394 17139 2259
2016/01 30446 16634 2222
2016/02 37219 23339 2416
2016/03 36725 22739 2319
2016/04 36776 20461 2345
2016/05 31016 18248 1934
2016/06 31629 19206 2014
2016/07 30746 18556 1866
2016/08 26831 17086 1722
2016/09 29337 16610 1863
2016/10 26789 15264 1649
2016/11 27677 15121 1707
2016/12 26386 16948 1700
