2015/02 17498 47314 2533 493
2015/03 135368 213119 11720 1147
2015/04 146956 152279 10139 797
2015/05 123303 129455 8826 613
2015/06 135364 107346 9130 569
2015/07 112988 80001 6428 459
2015/08 121557 69721 6660 416
2015/09 116520 65001 6678 409
2015/10 115941 64802 6424 409
2015/11 107598 60953 6174 384
2015/12 98158 55368 5265 370
2016/01 98026 49818 5464 313
2016/02 101627 51927 6410 350
2016/03 99039 45255 5164 293
2016/04 95048 37139 4846 295
2016/05 75220 32316 3922 294
2016/06 71413 30305 4045 298
2016/07 70810 33331 4221 239
2016/08 60909 28966 3694 207
2016/09 58369 26066 3743 231
2016/10 63326 27795 3544 228
2016/11 72373 32572 3761 246
2016/12 84703 35374 4156 250
