0 3935 12710
1 1537 12959
2 2496 12281
3 4010 10851
4 4726 9463
5 6141 8387
6 7382 7140
7 8063 6346
8 8072 5456
9 7648 4581
10 7038 4106
11 6270 3583
12 5798 3209
13 5023 2768
14 4606 2465
15 3907 2181
16 3482 1940
17 3115 1813
18 2856 1550
19 2552 1448
20 2329 1326
21 2138 1216
22 1937 1113
23 1832 995
24 1636 848
25 1543 812
26 1522 710
27 1377 698
28 1319 660
29 1224 588
30 1156 564
31 1016 494
32 915 493
33 887 493
34 836 424
35 835 422
36 749 336
37 746 361
38 671 327
39 657 286
40 583 288
41 604 248
42 560 241
43 464 232
44 482 219
45 439 210
46 443 221
47 399 188
48 396 160
49 326 173
50 329 188
51 346 163
52 286 143
53 288 148
54 243 135
55 258 142
56 240 103
57 238 105
58 231 104
59 214 122
60 177 104
61 201 123
62 186 73
63 161 89
64 160 95
65 147 105
66 151 72
67 149 75
68 127 62
69 130 71
70 137 64
71 115 68
72 107 63
73 94 48
74 110 59
75 78 40
76 84 45
77 63 53
78 80 62
79 70 36
80 62 41
81 64 47
82 47 35
83 61 42
84 54 28
85 56 31
86 42 42
87 34 26
88 34 34
89 38 30
90 31 24
91 44 23
92 32 28
93 25 29
94 26 38
95 20 26
96 26 33
97 21 16
98 23 15
99 19 17
100 15 23
101 14 26
102 14 13
103 15 27
104 8 17
105 6 15
106 6 15
107 10 14
108 4 11
109 10 19
110 9 18
111 11 13
112 5 15
113 6 15
114 4 15
115 5 9
116 1 10
117 6 13
118 7 6
119 2 11
120 4 10
121 1 9
122 3 12
123 4 16
124 4 8
125 1 14
126 4 9
127 1 11
128 3 8
130 4 10
131 1 7
132 1 9
134 4 16
135 1 7
136 1 9
137 2 13
139 3 12
140 1 4
141 1 10
142 3 5
143 1 5
150 1 5
151 1 6
152 1 4
153 1 4
157 1 5
158 2 6
161 2 4
164 2 2
165 3 5
177 1 3
181 1 1
190 1 4
203 1 
206 1 1
213 1 2
216 1 2
226 1 
241 1 
274 1 1
334 1 
