2015/02 17498 47314 2533
2015/03 135368 213119 11720
2015/04 146956 152279 10139
2015/05 123303 129455 8826
2015/06 135364 107346 9130
2015/07 112988 80001 6428
2015/08 121557 69721 6660
2015/09 116520 65001 6678
2015/10 115941 64802 6424
2015/11 107598 60953 6174
2015/12 98158 55368 5265
2016/01 98026 49818 5464
2016/02 101627 51927 6410
2016/03 99039 45255 5164
2016/04 95048 37139 4846
2016/05 75220 32316 3922
2016/06 71413 30305 4045
2016/07 70810 33331 4221
2016/08 60909 28966 3694
2016/09 58369 26066 3743
2016/10 63326 27795 3544
2016/11 72373 32572 3761
2016/12 84703 35374 4156
