2015/03 458 1072 132 11
2015/04 429 543 190 8
2015/05 517 740 210 8
2015/06 758 1100 321 7
2015/07 1169 1332 419 5
2015/08 1439 1653 541 6
2015/09 1348 1328 539 8
2015/10 1025 1201 566 6
2015/11 703 1126 524 6
2015/12 1215 1259 587 4
2016/01 1286 1176 589 6
2016/02 1318 1361 579 9
2016/03 1208 1235 541 4
2016/04 624 1060 493 6
2016/05 475 708 342 6
2016/06 444 748 376 5
2016/07 417 656 370 8
2016/08 515 825 411 5
2016/09 614 612 367 6
2016/10 717 604 393 6
2016/11 681 531 361 5
2016/12 864 657 467 6
