2015/03 213119 393 3315 11619 12349
2015/04 152279 27 1673 1024 16828
2015/05 129455 41 1763 1956 9434
2015/06 107346 12603 2148 1934 9980
2015/07 80001 18024 3003 1081 8314
2015/08 69721 16167 4138 522 6800
2015/09 65001 18548 5577 382 5877
2015/10 64802 21604 5172 663 5954
2015/11 60953 19047 9256 9672 5546
2015/12 55368 17139 5291 575 4493
2016/01 49818 16634 4988 374 3846
2016/02 51927 23339 4356 375 4110
2016/03 45255 22739 5001 468 3955
2016/04 37139 20461 5534 434 3615
2016/05 32316 18248 5775 1547 3859
2016/06 30305 19206 7009 2333 3865
2016/07 33331 18556 8289 4683 3312
2016/08 28966 17086 8215 6555 3214
2016/09 26066 16610 7507 5844 2816
2016/10 27795 15264 4888 4351 3328
2016/11 32572 15121 6654 2796 3581
2016/12 35374 16948 8903 3817 3720
