2015/03 135367 378 2700 1162 12376
2015/04 146956 62 2388 1066 22993
2015/05 123302 59 2411 2318 16910
2015/06 135364 17551 3525 2355 18888
2015/07 112987 27199 4547 1359 15755
2015/08 121557 24212 5857 883 14177
2015/09 116520 32467 6426 616 12356
2015/10 115941 40000 7899 1118 14177
2015/11 107598 36137 8473 823 12793
2015/12 98158 30393 8031 965 11801
2016/01 98026 30446 6495 746 10387
2016/02 101627 37219 6058 639 10807
2016/03 99038 36724 7249 681 10528
2016/04 95048 36776 7781 509 9914
2016/05 75219 31016 8032 2190 9944
2016/06 71413 31629 9501 3491 9061
2016/07 70809 30746 10912 7082 8308
2016/08 60908 26830 9313 10940 8123
2016/09 58369 29337 10897 11352 7779
2016/10 63326 26789 7965 10290 9598
2016/11 72373 27677 9858 8264 9579
2016/12 84702 26386 11814 10167 10062
