2015/03 11720 215 411 178 1178
2015/04 10139 22 275 101 1857
2015/05 8826 18 228 196 1182
2015/06 9130 2100 301 180 1124
2015/07 6428 2477 451 115 1036
2015/08 6660 2008 513 78 881
2015/09 6678 2597 542 42 845
2015/10 6424 3108 628 81 947
2015/11 6174 2606 671 50 886
2015/12 5265 2259 751 93 923
2016/01 5464 2222 580 65 746
2016/02 6410 2416 497 60 776
2016/03 5164 2319 541 43 725
2016/04 4846 2345 625 61 686
2016/05 3922 1934 637 294 750
2016/06 4045 2014 722 424 685
2016/07 4221 1866 824 797 683
2016/08 3694 1722 883 1297 615
2016/09 3743 1863 909 1190 572
2016/10 3544 1649 721 1001 636
2016/11 3761 1707 829 795 650
2016/12 4156 1700 945 930 658
