2015/03 1185 12 110 90 132
2015/04 797 3 69 39 145
2015/05 633 4 57 66 105
2015/06 569 101 52 58 110
2015/07 474 122 75 51 118
2015/08 430 132 68 38 92
2015/09 409 146 75 22 74
2015/10 423 155 85 25 76
2015/11 384 139 83 24 77
2015/12 382 153 100 32 48
2016/01 323 152 85 21 52
2016/02 327 157 80 21 55
2016/03 303 160 93 20 42
2016/04 295 160 93 18 51
2016/05 304 152 84 21 43
2016/06 298 149 87 32 46
2016/07 247 150 98 53 42
2016/08 214 141 96 54 40
2016/09 231 139 103 69 39
2016/10 236 123 78 56 44
2016/11 246 127 91 61 44
2016/12 258 143 99 63 44
