2015/03 12376 12349 1178
2015/04 22993 16828 1857
2015/05 16910 9434 1182
2015/06 18888 9980 1124
2015/07 15756 8314 1036
2015/08 14177 6800 881
2015/09 12356 5877 845
2015/10 14177 5954 947
2015/11 12793 5546 886
2015/12 11802 4493 923
2016/01 10388 3846 746
2016/02 10808 4110 776
2016/03 10528 3955 725
2016/04 9914 3615 686
2016/05 9945 3859 750
2016/06 9061 3865 685
2016/07 8308 3312 683
2016/08 8123 3214 615
2016/09 7779 2816 572
2016/10 9598 3328 636
2016/11 9579 3581 650
2016/12 10063 3720 658
