0 22 748
1 59 1282
2 216 1750
3 544 2044
4 628 2078
5 930 1983
6 1092 1752
7 1258 1489
8 1323 1202
9 1279 954
10 1180 754
11 1124 639
12 974 522
13 939 377
14 868 330
15 754 232
16 680 240
17 561 166
18 494 139
19 480 100
20 388 94
21 356 71
22 366 59
23 278 56
24 205 50
25 233 34
26 210 27
27 201 22
28 194 16
29 169 17
30 155 15
31 117 8
32 106 15
33 88 11
34 93 4
35 87 8
36 64 8
37 61 1
38 51 3
39 55 3
40 47 1
41 51 
42 49 5
43 56 
44 42 2
45 32 2
46 21 4
47 20 1
48 16 
49 12 1
50 11 2
51 10 2
52 8 1
53 7 
54 8 
55 8 1
56 12 
57 7 1
58 8 
59 2 2
60 5 2
61 1 2
62 3 2
63 2 1
64 2 
66 2 
67 2 
68 1 
69 4 
70 2 2
72 2 1
74 2 
75 3 1
82 2 
84 1 
87 1 
89 1 
90 1 
91 1 1
102 1 
115 1 
117 1 
121 1 
135 1 
143 1 
149 1 
